1	-9.6218825445163	-37.79669725119823
2	-9.63009767944081	-37.78477457681713
3	-9.623580555555556	-37.753575
4	-9.671161111111111	-37.65946388888889
5	-9.624969444444446	-37.75410277777777
6	-9.671443446395447	-37.66044506309587
7	-9.524379113521995	-37.880862433312075
8	-9.422923814281850	-38.18364442418620
9	-9.749994444444443	-37.44783055555556
10	-9.603938545397204	-37.768763344152475
11	-9.608838761838351	 -37.76265044543369
12	-9.749476094042024	 -37.432415258772345
13	-9.372027243841272	 -37.99420413591547
14	-9.393643391461657	-38.00307691225499
15	-9.497524579831913	-37.829204026413564
16	-9.497664679739325	-37.82988557291119
